GRID:   1 264.75507  43.20015
GRID:   2 264.18359  51.76212
GRID:   3 260.42567  54.29149
GRID:   4 251.93231  49.82175
GRID:   5 251.45331  43.64481
GRID:   6 241.06538  39.19704
GRID:   7 245.98870  33.40615
GRID:   8 234.00452  31.41573
GRID:   9 226.62345  34.78437
GRID:  10 211.56790  40.72205
GRID:  11 205.65066  47.31771
GRID:  12 218.85558  46.86787
GRID:  13 237.80643  47.12697
GRID:  14 237.68462  55.30501
GRID:  15 222.44990  62.67523
GRID:  16 206.14020  74.10075
GRID:  17 238.83871  78.81251
GRID:  18 239.48930  74.12913
GRID:  19 265.17008  70.40069
GRID:  20 295.13272  68.52624
GRID:  21 302.01776  61.01045
GRID:  22 297.39694  53.05061
GRID:  23 310.08501  54.09526
GRID:  24 320.34754  54.88782
GRID:  25 339.49376  56.16838
GRID:  26 335.17820  64.63330
GRID:  27 344.54396  46.08964
GRID:  28 335.04896  39.96946
GRID:  29 329.15012  44.65405
GRID:  30 318.15058  42.92152
GRID:  31 309.15527  40.98085
GRID:  32 304.24318  34.14592
GRID:  33 292.94164  34.85273
GRID:  34 291.62163  32.58551
GRID:  35 281.02876  37.17946
GRID:  36 283.86433  48.12553
GRID:  37 276.91018  58.69409
GRID:  38 196.01294  54.75904
GRID:  39 187.64906  47.89878
GRID:  40 186.75790  44.04887
GRID:  41 201.34159  37.60458
GRID:  42 195.36173  30.22582
GRID:  43 210.34832  32.17503
GRID:  44 345.02054  35.92790
GRID:  45  10.71354  43.33687
GRID:  46  13.49564  49.18819
GRID:  47  21.26090  56.12749
GRID:  48  32.75698  48.20488
GRID:  49  45.57650  49.83640
GRID:  50  42.73727  55.38222
GRID:  51  56.87942  61.58023
GRID:  52  60.93442  69.47476
GRID:  53  78.51253  63.55966
GRID:  54  91.54418  65.75089
GRID:  55  98.28864  57.51211
GRID:  56 117.12210  61.47982
GRID:  57 125.32391  50.77881
GRID:  58 111.66061  44.49993
GRID:  59 120.52826  38.00132
GRID:  60 134.58671  40.23864
GRID:  61 140.40765  45.19576
GRID:  62 147.05283  37.76236
GRID:  63 151.11482  29.86082
GRID:  64 163.05336  30.22063
GRID:  65 158.14163  36.40002
GRID:  66 172.93415  42.17778
GRID:  67 172.48412  47.60886
GRID:  68 178.02179  55.59372
GRID:  69 160.80190  61.62112
GRID:  70 159.33499  53.36281
GRID:  71 142.67696  61.22896
GRID:  72 152.34913  73.39700
GRID:  73 120.04962  73.77939
GRID:  74 117.85723  76.16869
GRID:  75 176.27937  67.50845
GRID:  76   9.47087  77.04915
GRID:  77  29.24027  66.47326
GRID:  78  63.74968  51.70749
GRID:  79  79.65025  48.90192
GRID:  80  91.55282  47.82706
GRID:  81  93.10912  43.64053
GRID:  82  81.29993  38.83356
GRID:  83  66.58634  36.20256
GRID:  84  70.65523  29.28432
GRID:  85  56.55070  32.73841
GRID:  86  47.95126  31.61502
GRID:  87  40.46885  41.06080
GRID:  88  34.14329  33.10860
GRID:  89  25.47140  36.87794
GRID:  90  10.18825  32.23638
GRID:  91  55.13393  41.41390
GRID:  92 107.97034  35.23177
GRID:  93 172.64315  30.77942
